# mask e[abcd]x => e[abcd]x
1 0 0 0 0 => 16 756e6547 6c65746e 49656e69
1 1 0 0 0 => 806e9 1100800 7ffafbbf bfebfbff
1 2 0 0 0 => 76036301 f0b5ff 0 c30000
1 3 0 0 0 => 0 0 0 0
5 4 0 0 0 => 1c004121 1c0003f 3f 0
5 4 0 1 0 => 1c004122 1c0003f 3f 0
5 4 0 2 0 => 1c004143 c0003f 3ff 0
5 4 0 3 0 => 1c03c163 2c0003f fff 6
5 4 0 4 0 => 0 0 0 0
1 5 0 0 0 => 40 40 3 11142120
1 6 0 0 0 => 27f5 2 9 0
5 7 0 0 0 => 0 29c67af 0 0
1 9 0 0 0 => 0 0 0 0
1 a 0 0 0 => 7300404 0 0 603
5 b 0 0 0 => 1 2 100 1
5 b 0 1 0 => 4 4 201 1
5 b 0 2 0 => 0 0 2 1
5 d 0 0 0 => 1f 440 440 0
5 d 0 1 0 => f 3c0 100 0
5 d 0 2 0 => 100 240 0 0
5 d 0 3 0 => 40 3c0 0 0
5 d 0 4 0 => 40 400 0 0
5 d 0 8 0 => 80 0 1 0
5 f 0 0 0 => 0 0 0 0
5 f 0 1 0 => 0 0 0 0
5 10 0 0 0 => 0 0 0 0
5 10 0 1 0 => 0 0 0 0
5 10 0 2 0 => 0 0 0 0
5 10 0 3 0 => 0 0 0 0
5 12 0 0 0 => 0 0 0 0
5 12 0 1 0 => 0 0 0 0
5 12 0 2 0 => 0 0 0 0
5 14 0 0 0 => 1 f 7 0
5 14 0 1 0 => 2490002 3f3fff 0 0
1 15 0 0 0 => 2 c8 0 0
1 16 0 0 0 => 960 960 64 0
1 80000000 0 0 0 => 80000008 0 0 0
1 80000001 0 0 0 => 0 0 121 2c100800
1 80000002 0 0 0 => 65746e49 2952286c 726f4320 4d542865
1 80000003 0 0 0 => 33692029 3031372d 43205530 40205550
1 80000004 0 0 0 => 342e3220 7a484730 0 0
1 80000005 0 0 0 => 0 0 0 0
1 80000006 0 0 0 => 0 0 1006040 0
1 80000007 0 0 0 => 0 0 0 100
1 80000008 0 0 0 => 3027 0 0 0
